{
 "cells": [
  {
   "cell_type": "markdown",
   "metadata": {},
   "source": [
    "## Camera Calibration Process:"
   ]
  },
  {
   "cell_type": "markdown",
   "metadata": {},
   "source": [
    "## 0. Preparation"
   ]
  },
  {
   "cell_type": "code",
   "execution_count": 1,
   "metadata": {},
   "outputs": [],
   "source": [
    "import cv2\n",
    "from typing import List\n",
    "import numpy as np\n",
    "import imageio\n",
    "import cv2\n",
    "import copy\n",
    "import glob \n",
    "import matplotlib.pyplot as plt\n",
    "import os\n",
    "import json\n"
   ]
  },
  {
   "cell_type": "code",
   "execution_count": 2,
   "metadata": {},
   "outputs": [],
   "source": [
    "# Auxiliar functions\n",
    "def load_images(filenames: List) -> List:\n",
    "    return [cv2.imread(filename) for filename in filenames]\n",
    "\n",
    "def write_image(output_folder: str, img_name: str, img: np.array):\n",
    "    img_path = os.path.join(output_folder, img_name)  \n",
    "    os.makedirs(output_folder, exist_ok=True)\n",
    "    cv2.imwrite(img_path, img)  \n",
    "\n",
    "def show_image(img: np.array, img_name: str = \"Image\"):\n",
    "    cv2.imshow(img_name, img)  \n",
    "    cv2.waitKey(0) \n",
    "    cv2.destroyAllWindows()"
   ]
  },
  {
   "cell_type": "markdown",
   "metadata": {},
   "source": [
    "### Load the chessboard calibration images"
   ]
  },
  {
   "cell_type": "code",
   "execution_count": 3,
   "metadata": {},
   "outputs": [
    {
     "data": {
      "text/plain": [
       "['calibration_images\\\\WhatsApp Image 2025-11-30 at 13.19.59 (1).jpeg',\n",
       " 'calibration_images\\\\WhatsApp Image 2025-11-30 at 13.19.59 (2).jpeg',\n",
       " 'calibration_images\\\\WhatsApp Image 2025-11-30 at 13.19.59 (3).jpeg',\n",
       " 'calibration_images\\\\WhatsApp Image 2025-11-30 at 13.19.59 (4).jpeg',\n",
       " 'calibration_images\\\\WhatsApp Image 2025-11-30 at 13.19.59 (5).jpeg',\n",
       " 'calibration_images\\\\WhatsApp Image 2025-11-30 at 13.19.59 (6).jpeg',\n",
       " 'calibration_images\\\\WhatsApp Image 2025-11-30 at 13.19.59.jpeg',\n",
       " 'calibration_images\\\\WhatsApp Image 2025-11-30 at 13.20.00 (1).jpeg',\n",
       " 'calibration_images\\\\WhatsApp Image 2025-11-30 at 13.20.00 (10).jpeg',\n",
       " 'calibration_images\\\\WhatsApp Image 2025-11-30 at 13.20.00 (11).jpeg',\n",
       " 'calibration_images\\\\WhatsApp Image 2025-11-30 at 13.20.00 (12).jpeg',\n",
       " 'calibration_images\\\\WhatsApp Image 2025-11-30 at 13.20.00 (13).jpeg',\n",
       " 'calibration_images\\\\WhatsApp Image 2025-11-30 at 13.20.00 (2).jpeg',\n",
       " 'calibration_images\\\\WhatsApp Image 2025-11-30 at 13.20.00 (3).jpeg',\n",
       " 'calibration_images\\\\WhatsApp Image 2025-11-30 at 13.20.00 (4).jpeg',\n",
       " 'calibration_images\\\\WhatsApp Image 2025-11-30 at 13.20.00 (5).jpeg',\n",
       " 'calibration_images\\\\WhatsApp Image 2025-11-30 at 13.20.00 (6).jpeg',\n",
       " 'calibration_images\\\\WhatsApp Image 2025-11-30 at 13.20.00 (7).jpeg',\n",
       " 'calibration_images\\\\WhatsApp Image 2025-11-30 at 13.20.00 (8).jpeg',\n",
       " 'calibration_images\\\\WhatsApp Image 2025-11-30 at 13.20.00 (9).jpeg',\n",
       " 'calibration_images\\\\WhatsApp Image 2025-11-30 at 13.20.00.jpeg',\n",
       " 'calibration_images\\\\WhatsApp Image 2025-11-30 at 13.20.01 (1).jpeg',\n",
       " 'calibration_images\\\\WhatsApp Image 2025-11-30 at 13.20.01 (2).jpeg',\n",
       " 'calibration_images\\\\WhatsApp Image 2025-11-30 at 13.20.01 (3).jpeg',\n",
       " 'calibration_images\\\\WhatsApp Image 2025-11-30 at 13.20.01 (4).jpeg',\n",
       " 'calibration_images\\\\WhatsApp Image 2025-11-30 at 13.20.01 (5).jpeg',\n",
       " 'calibration_images\\\\WhatsApp Image 2025-11-30 at 13.20.01 (6).jpeg',\n",
       " 'calibration_images\\\\WhatsApp Image 2025-11-30 at 13.20.01 (7).jpeg',\n",
       " 'calibration_images\\\\WhatsApp Image 2025-11-30 at 13.20.01 (8).jpeg',\n",
       " 'calibration_images\\\\WhatsApp Image 2025-11-30 at 13.20.01.jpeg',\n",
       " 'calibration_images\\\\WhatsApp Image 2025-11-30 at 13.20.02 (1).jpeg',\n",
       " 'calibration_images\\\\WhatsApp Image 2025-11-30 at 13.20.02 (2).jpeg',\n",
       " 'calibration_images\\\\WhatsApp Image 2025-11-30 at 13.20.02 (3).jpeg',\n",
       " 'calibration_images\\\\WhatsApp Image 2025-11-30 at 13.20.02 (4).jpeg',\n",
       " 'calibration_images\\\\WhatsApp Image 2025-11-30 at 13.20.02 (5).jpeg',\n",
       " 'calibration_images\\\\WhatsApp Image 2025-11-30 at 13.20.02 (6).jpeg',\n",
       " 'calibration_images\\\\WhatsApp Image 2025-11-30 at 13.20.02 (7).jpeg',\n",
       " 'calibration_images\\\\WhatsApp Image 2025-11-30 at 13.20.02 (8).jpeg',\n",
       " 'calibration_images\\\\WhatsApp Image 2025-11-30 at 13.20.02.jpeg',\n",
       " 'calibration_images\\\\WhatsApp Image 2025-11-30 at 13.20.03 (1).jpeg',\n",
       " 'calibration_images\\\\WhatsApp Image 2025-11-30 at 13.20.03 (2).jpeg',\n",
       " 'calibration_images\\\\WhatsApp Image 2025-11-30 at 13.20.03 (3).jpeg',\n",
       " 'calibration_images\\\\WhatsApp Image 2025-11-30 at 13.20.03 (4).jpeg',\n",
       " 'calibration_images\\\\WhatsApp Image 2025-11-30 at 13.20.03 (5).jpeg',\n",
       " 'calibration_images\\\\WhatsApp Image 2025-11-30 at 13.20.03 (6).jpeg',\n",
       " 'calibration_images\\\\WhatsApp Image 2025-11-30 at 13.20.03 (7).jpeg',\n",
       " 'calibration_images\\\\WhatsApp Image 2025-11-30 at 13.20.03 (8).jpeg',\n",
       " 'calibration_images\\\\WhatsApp Image 2025-11-30 at 13.20.03.jpeg']"
      ]
     },
     "execution_count": 3,
     "metadata": {},
     "output_type": "execute_result"
    }
   ],
   "source": [
    "imgs_gen_path = 'calibration_images/*.jpeg' \n",
    "imgs_path = sorted(glob.glob(imgs_gen_path))\n",
    "imgs = load_images(imgs_path)  \n",
    "\n",
    "imgs_path"
   ]
  },
  {
   "cell_type": "markdown",
   "metadata": {},
   "source": [
    "### Detect the corners of the pattern and refine them"
   ]
  },
  {
   "cell_type": "code",
   "execution_count": 4,
   "metadata": {},
   "outputs": [],
   "source": [
    "# Number of rows and cols\n",
    "pattern_size = (7,7)"
   ]
  },
  {
   "cell_type": "code",
   "execution_count": 5,
   "metadata": {},
   "outputs": [],
   "source": [
    "corners = [cv2.findChessboardCorners(\n",
    "    cv2.cvtColor(img, cv2.COLOR_RGB2GRAY), pattern_size) \n",
    "    for img in imgs]  "
   ]
  },
  {
   "cell_type": "code",
   "execution_count": 6,
   "metadata": {},
   "outputs": [
    {
     "data": {
      "text/plain": [
       "48"
      ]
     },
     "execution_count": 6,
     "metadata": {},
     "output_type": "execute_result"
    }
   ],
   "source": [
    "len(corners)  "
   ]
  },
  {
   "cell_type": "code",
   "execution_count": 7,
   "metadata": {},
   "outputs": [
    {
     "data": {
      "text/plain": [
       "(49, 1, 2)"
      ]
     },
     "execution_count": 7,
     "metadata": {},
     "output_type": "execute_result"
    }
   ],
   "source": [
    "corners[12][1].shape  "
   ]
  },
  {
   "cell_type": "code",
   "execution_count": 8,
   "metadata": {},
   "outputs": [],
   "source": [
    "# Security copy\n",
    "corners_copy = copy.deepcopy(corners)  \n",
    "\n",
    "criteria = (cv2.TERM_CRITERIA_EPS + cv2.TERM_CRITERIA_MAX_ITER, 30, 0.01) \n",
    "\n",
    "# To refine corner detections we input grayscale images\n",
    "imgs_gray = [cv2.cvtColor(img, cv2.COLOR_BGR2GRAY) for img in imgs]\n",
    "\n",
    "corners_refined = [cv2.cornerSubPix(i, cor[1], pattern_size, (-1, -1), criteria) if cor[0] else [] for i, cor in zip(imgs_gray, corners_copy)]"
   ]
  },
  {
   "cell_type": "code",
   "execution_count": 9,
   "metadata": {},
   "outputs": [
    {
     "data": {
      "text/plain": [
       "(49, 1, 2)"
      ]
     },
     "execution_count": 9,
     "metadata": {},
     "output_type": "execute_result"
    }
   ],
   "source": [
    "corners_refined[12].shape\n"
   ]
  },
  {
   "cell_type": "markdown",
   "metadata": {},
   "source": [
    "### Check that the detection process was succesful drawing the detected corners"
   ]
  },
  {
   "cell_type": "code",
   "execution_count": 10,
   "metadata": {},
   "outputs": [],
   "source": [
    "imgs_copy = copy.deepcopy(imgs) "
   ]
  },
  {
   "cell_type": "code",
   "execution_count": 11,
   "metadata": {},
   "outputs": [],
   "source": [
    "output_folder_refined_corners = \"refined_corners_output\"\n",
    "\n",
    "for i in range(len(corners_copy)):\n",
    "    ret = corners_copy[i][0]\n",
    "    if ret: \n",
    "        cv2.drawChessboardCorners(imgs_copy[i], pattern_size, corners_refined[i], ret) \n",
    "        #cv2.imshow(f\"Img {i} and corners\", imgs_copy[i]) \n",
    "        write_image(output_folder=output_folder_refined_corners, img_name=f\"refined_corners_{i}.jpg\", img=imgs_copy[i])\n",
    "        cv2.waitKey(0)\n",
    "\n",
    "cv2.destroyAllWindows()"
   ]
  },
  {
   "cell_type": "code",
   "execution_count": 12,
   "metadata": {},
   "outputs": [],
   "source": [
    "def get_chessboard_points(chessboard_shape, dx, dy):\n",
    "\n",
    "    cols, rows = chessboard_shape \n",
    "\n",
    "    grid_xy = np.mgrid[0:cols, 0:rows].T.reshape(-1,2)\n",
    "\n",
    "    objp = np.zeros([grid_xy.shape[0], 3], dtype=np.float32) \n",
    "\n",
    "    objp[:,0] = grid_xy[:,0]*dx  \n",
    "    objp[:,1] = grid_xy[:,1]*dy  \n",
    "\n",
    "    return objp  "
   ]
  },
  {
   "cell_type": "code",
   "execution_count": 13,
   "metadata": {},
   "outputs": [],
   "source": [
    "# Needs to be changed to the real position of our chessboard corners\n",
    "dx, dy = 32, 32  \n",
    "chessboard_points = [get_chessboard_points(pattern_size, dx, dy) for _ in corners_refined]\n"
   ]
  },
  {
   "cell_type": "code",
   "execution_count": 14,
   "metadata": {},
   "outputs": [
    {
     "data": {
      "text/plain": [
       "array([[  0.,   0.,   0.],\n",
       "       [ 32.,   0.,   0.],\n",
       "       [ 64.,   0.,   0.],\n",
       "       [ 96.,   0.,   0.],\n",
       "       [128.,   0.,   0.],\n",
       "       [160.,   0.,   0.],\n",
       "       [192.,   0.,   0.],\n",
       "       [  0.,  32.,   0.],\n",
       "       [ 32.,  32.,   0.],\n",
       "       [ 64.,  32.,   0.],\n",
       "       [ 96.,  32.,   0.],\n",
       "       [128.,  32.,   0.],\n",
       "       [160.,  32.,   0.],\n",
       "       [192.,  32.,   0.],\n",
       "       [  0.,  64.,   0.],\n",
       "       [ 32.,  64.,   0.],\n",
       "       [ 64.,  64.,   0.],\n",
       "       [ 96.,  64.,   0.],\n",
       "       [128.,  64.,   0.],\n",
       "       [160.,  64.,   0.],\n",
       "       [192.,  64.,   0.],\n",
       "       [  0.,  96.,   0.],\n",
       "       [ 32.,  96.,   0.],\n",
       "       [ 64.,  96.,   0.],\n",
       "       [ 96.,  96.,   0.],\n",
       "       [128.,  96.,   0.],\n",
       "       [160.,  96.,   0.],\n",
       "       [192.,  96.,   0.],\n",
       "       [  0., 128.,   0.],\n",
       "       [ 32., 128.,   0.],\n",
       "       [ 64., 128.,   0.],\n",
       "       [ 96., 128.,   0.],\n",
       "       [128., 128.,   0.],\n",
       "       [160., 128.,   0.],\n",
       "       [192., 128.,   0.],\n",
       "       [  0., 160.,   0.],\n",
       "       [ 32., 160.,   0.],\n",
       "       [ 64., 160.,   0.],\n",
       "       [ 96., 160.,   0.],\n",
       "       [128., 160.,   0.],\n",
       "       [160., 160.,   0.],\n",
       "       [192., 160.,   0.],\n",
       "       [  0., 192.,   0.],\n",
       "       [ 32., 192.,   0.],\n",
       "       [ 64., 192.,   0.],\n",
       "       [ 96., 192.,   0.],\n",
       "       [128., 192.,   0.],\n",
       "       [160., 192.,   0.],\n",
       "       [192., 192.,   0.]], dtype=float32)"
      ]
     },
     "execution_count": 14,
     "metadata": {},
     "output_type": "execute_result"
    }
   ],
   "source": [
    "chessboard_points[0]"
   ]
  },
  {
   "cell_type": "code",
   "execution_count": 15,
   "metadata": {},
   "outputs": [
    {
     "data": {
      "text/plain": [
       "(49, 3)"
      ]
     },
     "execution_count": 15,
     "metadata": {},
     "output_type": "execute_result"
    }
   ],
   "source": [
    "chessboard_points[0].shape"
   ]
  },
  {
   "cell_type": "markdown",
   "metadata": {},
   "source": [
    "### Obtain the calibration parameters for our camera"
   ]
  },
  {
   "cell_type": "code",
   "execution_count": 16,
   "metadata": {},
   "outputs": [],
   "source": [
    "# Filter data and get only those with adequate detections\n",
    "valid_corners = [cor[1] for cor in corners if cor[0]]  \n",
    "\n",
    "# Convert list to numpy array\n",
    "valid_corners = np.asarray(valid_corners, dtype=np.float32)"
   ]
  },
  {
   "cell_type": "code",
   "execution_count": 17,
   "metadata": {},
   "outputs": [
    {
     "ename": "error",
     "evalue": "OpenCV(4.8.0) D:\\a\\opencv-python\\opencv-python\\opencv\\modules\\calib3d\\src\\calibration.cpp:3397: error: (-2:Unspecified error) in function 'void __cdecl cv::collectCalibrationData(const class cv::_InputArray &,const class cv::_InputArray &,const class cv::_InputArray &,int,class cv::Mat &,class cv::Mat &,class cv::Mat *,class cv::Mat &)'\n>  (expected: 'nimages == (int)imagePoints1.total()'), where\n>     'nimages' is 48\n> must be equal to\n>     '(int)imagePoints1.total()' is 43\n",
     "output_type": "error",
     "traceback": [
      "\u001b[1;31m---------------------------------------------------------------------------\u001b[0m",
      "\u001b[1;31merror\u001b[0m                                     Traceback (most recent call last)",
      "Cell \u001b[1;32mIn[17], line 3\u001b[0m\n\u001b[0;32m      1\u001b[0m img_size \u001b[38;5;241m=\u001b[39m (imgs_gray[\u001b[38;5;241m0\u001b[39m]\u001b[38;5;241m.\u001b[39mshape[\u001b[38;5;241m1\u001b[39m], imgs_gray[\u001b[38;5;241m0\u001b[39m]\u001b[38;5;241m.\u001b[39mshape[\u001b[38;5;241m0\u001b[39m]) \n\u001b[1;32m----> 3\u001b[0m rms, intrinsics, dist_coeffs, rvecs, tvecs \u001b[38;5;241m=\u001b[39m \u001b[43mcv2\u001b[49m\u001b[38;5;241;43m.\u001b[39;49m\u001b[43mcalibrateCamera\u001b[49m\u001b[43m(\u001b[49m\u001b[43mchessboard_points\u001b[49m\u001b[43m,\u001b[49m\u001b[43m \u001b[49m\u001b[43mvalid_corners\u001b[49m\u001b[43m,\u001b[49m\u001b[43m \u001b[49m\u001b[43mimg_size\u001b[49m\u001b[43m,\u001b[49m\u001b[43m \u001b[49m\u001b[38;5;28;43;01mNone\u001b[39;49;00m\u001b[43m,\u001b[49m\u001b[43m \u001b[49m\u001b[38;5;28;43;01mNone\u001b[39;49;00m\u001b[43m)\u001b[49m\n\u001b[0;32m      5\u001b[0m \u001b[38;5;66;03m# Obtain extrinsics\u001b[39;00m\n\u001b[0;32m      6\u001b[0m extrinsics \u001b[38;5;241m=\u001b[39m \u001b[38;5;28mlist\u001b[39m(\u001b[38;5;28mmap\u001b[39m(\u001b[38;5;28;01mlambda\u001b[39;00m rvec, tvec: np\u001b[38;5;241m.\u001b[39mhstack((cv2\u001b[38;5;241m.\u001b[39mRodrigues(rvec)[\u001b[38;5;241m0\u001b[39m], tvec)), rvecs, tvecs))  \u001b[38;5;66;03m# de esta forma obtenemos los parámetros extrínsecos de la calibración de la cámara\u001b[39;00m\n",
      "\u001b[1;31merror\u001b[0m: OpenCV(4.8.0) D:\\a\\opencv-python\\opencv-python\\opencv\\modules\\calib3d\\src\\calibration.cpp:3397: error: (-2:Unspecified error) in function 'void __cdecl cv::collectCalibrationData(const class cv::_InputArray &,const class cv::_InputArray &,const class cv::_InputArray &,int,class cv::Mat &,class cv::Mat &,class cv::Mat *,class cv::Mat &)'\n>  (expected: 'nimages == (int)imagePoints1.total()'), where\n>     'nimages' is 48\n> must be equal to\n>     '(int)imagePoints1.total()' is 43\n"
     ]
    }
   ],
   "source": [
    "img_size = (imgs_gray[0].shape[1], imgs_gray[0].shape[0]) \n",
    "\n",
    "rms, intrinsics, dist_coeffs, rvecs, tvecs = cv2.calibrateCamera(chessboard_points, valid_corners, img_size, None, None)\n",
    "\n",
    "# Obtain extrinsics\n",
    "extrinsics = list(map(lambda rvec, tvec: np.hstack((cv2.Rodrigues(rvec)[0], tvec)), rvecs, tvecs))  # de esta forma obtenemos los parámetros extrínsecos de la calibración de la cámara"
   ]
  },
  {
   "cell_type": "code",
   "execution_count": null,
   "metadata": {},
   "outputs": [
    {
     "name": "stdout",
     "output_type": "stream",
     "text": [
      "Intrinsics:\n",
      " [[417.77315866   0.         156.33829983]\n",
      " [  0.         421.35480199 134.32880063]\n",
      " [  0.           0.           1.        ]]\n",
      "\n",
      "Distortion coefficients:\n",
      " [[-2.13049815e-01  2.86830664e+00  5.90990527e-03 -3.86453734e-03\n",
      "  -2.23696363e+01]]\n",
      "\n",
      "Root mean squared reprojection error:\n",
      " 0.1846287136881559\n",
      "\n",
      "Extrinsics:\n",
      " [array([[ 7.14810441e-01,  6.18321143e-01, -3.26687920e-01,\n",
      "        -3.08750936e+01],\n",
      "       [-1.82439734e-01,  6.15857353e-01,  7.66443387e-01,\n",
      "        -3.73702013e+01],\n",
      "       [ 6.75101309e-01, -4.88260878e-01,  5.53027611e-01,\n",
      "         5.18490853e+02]]), array([[ 7.19016600e-01,  6.02026625e-01, -3.47244973e-01,\n",
      "        -5.72888930e+01],\n",
      "       [-1.91372353e-01,  6.51826460e-01,  7.33824835e-01,\n",
      "        -4.64598332e+01],\n",
      "       [ 6.68125550e-01, -4.61179151e-01,  5.83885297e-01,\n",
      "         5.07766905e+02]]), array([[ 7.28774287e-01,  5.83716857e-01, -3.57998142e-01,\n",
      "        -6.83872714e+01],\n",
      "       [-2.03244636e-01,  6.83645704e-01,  7.00942344e-01,\n",
      "        -6.21189882e+01],\n",
      "       [ 6.53895753e-01, -4.38067555e-01,  6.16860730e-01,\n",
      "         4.99930361e+02]]), array([[ 7.50729498e-01,  5.58915527e-01, -3.52162823e-01,\n",
      "        -6.23676661e+01],\n",
      "       [-2.08284842e-01,  7.06158756e-01,  6.76725377e-01,\n",
      "        -7.35679806e+01],\n",
      "       [ 6.26915182e-01, -4.34687525e-01,  6.46547841e-01,\n",
      "         4.99249843e+02]]), array([[ 7.65165904e-01,  5.42945531e-01, -3.46022095e-01,\n",
      "        -6.06417705e+01],\n",
      "       [-2.04776156e-01,  7.14763806e-01,  6.68714757e-01,\n",
      "        -7.83896149e+01],\n",
      "       [ 6.10399759e-01, -4.40820657e-01,  6.58095193e-01,\n",
      "         5.05675640e+02]]), array([[ 7.78990248e-01,  5.20827764e-01, -3.49159898e-01,\n",
      "        -6.72591011e+01],\n",
      "       [-2.01165775e-01,  7.34991907e-01,  6.47548630e-01,\n",
      "        -7.94950495e+01],\n",
      "       [ 5.93891004e-01, -4.34195046e-01,  6.77324248e-01,\n",
      "         5.13888026e+02]]), array([[ 8.02271509e-01,  4.72707976e-01, -3.64564940e-01,\n",
      "        -7.47318673e+01],\n",
      "       [-1.81736502e-01,  7.75119278e-01,  6.05113171e-01,\n",
      "        -8.28160998e+01],\n",
      "       [ 5.68623135e-01, -4.19210300e-01,  7.07764406e-01,\n",
      "         5.09575620e+02]]), array([[ 8.21399072e-01,  4.37145934e-01, -3.66342731e-01,\n",
      "        -7.11878730e+01],\n",
      "       [-1.74911749e-01,  8.04426488e-01,  5.67718157e-01,\n",
      "        -9.98839959e+01],\n",
      "       [ 5.42871481e-01, -4.02245520e-01,  7.37217130e-01,\n",
      "         5.11300620e+02]]), array([[ 8.20439748e-01,  4.18933768e-01, -3.89066984e-01,\n",
      "        -8.76874676e+01],\n",
      "       [-1.65250422e-01,  8.25219225e-01,  5.40097703e-01,\n",
      "        -1.03068837e+02],\n",
      "       [ 5.47330721e-01, -3.78824140e-01,  7.46271635e-01,\n",
      "         5.13105210e+02]]), array([[ 8.26156989e-01,  4.04618424e-01, -3.92107843e-01,\n",
      "        -1.01754058e+02],\n",
      "       [-1.64910231e-01,  8.39087030e-01,  5.18399046e-01,\n",
      "        -1.07587694e+02],\n",
      "       [ 5.38766411e-01, -3.63616400e-01,  7.59943332e-01,\n",
      "         5.19208767e+02]]), array([[ 8.47125481e-01,  3.95791062e-01, -3.54581239e-01,\n",
      "        -9.65449518e+01],\n",
      "       [-1.80362911e-01,  8.41811888e-01,  5.08745482e-01,\n",
      "        -9.56956242e+01],\n",
      "       [ 4.99847617e-01, -3.67017957e-01,  7.84506328e-01,\n",
      "         5.35416747e+02]]), array([[ 8.67804673e-01,  3.52979899e-01, -3.49743106e-01,\n",
      "        -1.03704860e+02],\n",
      "       [-1.61241730e-01,  8.65789474e-01,  4.73719000e-01,\n",
      "        -8.47127503e+01],\n",
      "       [ 4.70017184e-01, -3.54702378e-01,  8.08251241e-01,\n",
      "         5.64220058e+02]]), array([[ 8.76514013e-01,  3.45670395e-01, -3.35015169e-01,\n",
      "        -1.15969249e+02],\n",
      "       [-1.67754371e-01,  8.71669242e-01,  4.60490177e-01,\n",
      "        -7.37098592e+01],\n",
      "       [ 4.51200240e-01, -3.47425834e-01,  8.22018025e-01,\n",
      "         5.81270278e+02]]), array([[ 8.85491154e-01,  3.20925585e-01, -3.36024084e-01,\n",
      "        -1.34183939e+02],\n",
      "       [-1.59585972e-01,  8.89226205e-01,  4.28729605e-01,\n",
      "        -7.41096182e+01],\n",
      "       [ 4.36391720e-01, -3.26011543e-01,  8.38617160e-01,\n",
      "         5.89095772e+02]]), array([[ 9.09858466e-01,  2.66008130e-01, -3.18429344e-01,\n",
      "        -1.43177633e+02],\n",
      "       [-1.42018127e-01,  9.20752397e-01,  3.63381171e-01,\n",
      "        -1.00462530e+02],\n",
      "       [ 3.89856927e-01, -2.85402696e-01,  8.75532339e-01,\n",
      "         5.92235840e+02]]), array([[ 9.32428108e-01,  2.36906376e-01, -2.72861125e-01,\n",
      "        -1.10947219e+02],\n",
      "       [-1.41382704e-01,  9.34085407e-01,  3.27864886e-01,\n",
      "        -1.12089155e+02],\n",
      "       [ 3.32548876e-01, -2.67132592e-01,  9.04461952e-01,\n",
      "         5.99266333e+02]]), array([[ 9.44119027e-01,  2.31430871e-01, -2.34689189e-01,\n",
      "        -1.02062349e+02],\n",
      "       [-1.48680424e-01,  9.34504699e-01,  3.23411656e-01,\n",
      "        -1.02590765e+02],\n",
      "       [ 2.94165591e-01, -2.70445410e-01,  9.16692907e-01,\n",
      "         6.13549207e+02]]), array([[ 9.51281538e-01,  2.31086231e-01, -2.04114157e-01,\n",
      "        -8.57766677e+01],\n",
      "       [-1.55273362e-01,  9.30994934e-01,  3.30361342e-01,\n",
      "        -9.40113270e+01],\n",
      "       [ 2.66371203e-01, -2.82573154e-01,  9.21519829e-01,\n",
      "         6.28421204e+02]]), array([[ 9.55844315e-01,  2.28000826e-01, -1.85411080e-01,\n",
      "        -7.62382630e+01],\n",
      "       [-1.58575500e-01,  9.31349101e-01,  3.27784477e-01,\n",
      "        -9.68974333e+01],\n",
      "       [ 2.47417574e-01, -2.83909274e-01,  9.26380089e-01,\n",
      "         6.35712344e+02]])]\n"
     ]
    }
   ],
   "source": [
    "# Print outputs\n",
    "print(\"Intrinsics:\\n\", intrinsics)\n",
    "print(\"\\nDistortion coefficients:\\n\", dist_coeffs)\n",
    "print(\"\\nRoot mean squared reprojection error:\\n\", rms)\n",
    "print(\"\\nExtrinsics:\\n\", extrinsics)"
   ]
  },
  {
   "cell_type": "code",
   "execution_count": null,
   "metadata": {},
   "outputs": [],
   "source": [
    "\n",
    "\n",
    "def save_calibration_data(mtx, dist, rvecs, tvecs, filename=\"calibration_data.json\"):\n",
    "    \"\"\"\n",
    "    Saves the intrinsic matrix, distortion coefficients, and extrinsic parameters\n",
    "    (rvecs, tvecs) to a JSON file.\n",
    "    \"\"\"\n",
    "    print(\"Saving calibration data...\")\n",
    "    \n",
    "    # Convert NumPy arrays to standard Python lists\n",
    "    if isinstance(mtx, np.ndarray):\n",
    "        mtx_list = mtx.tolist()\n",
    "    else:\n",
    "        mtx_list = mtx\n",
    "\n",
    "    if isinstance(dist, np.ndarray):\n",
    "        # Flatten the distortion coefficients array before converting\n",
    "        dist_list = np.ravel(dist).tolist() \n",
    "    else:\n",
    "        dist_list = dist\n",
    "\n",
    "    # Process Extrinsics (rvecs and tvecs are lists of arrays)\n",
    "    # Convert each array within the list to a Python list\n",
    "    rvecs_list = []\n",
    "    if rvecs is not None:\n",
    "        for r in rvecs:\n",
    "            if isinstance(r, np.ndarray):\n",
    "                rvecs_list.append(r.tolist())\n",
    "            else:\n",
    "                rvecs_list.append(r)\n",
    "\n",
    "    tvecs_list = []\n",
    "    if tvecs is not None:\n",
    "        for t in tvecs:\n",
    "            if isinstance(t, np.ndarray):\n",
    "                tvecs_list.append(t.tolist())\n",
    "            else:\n",
    "                tvecs_list.append(t)\n",
    "\n",
    "    # Create the data dictionary\n",
    "    data = {\n",
    "        \"intrinsics\": mtx_list,\n",
    "        \"distortion\": dist_list,\n",
    "        \"extrinsics\": {\n",
    "            \"rvecs\": rvecs_list,\n",
    "            \"tvecs\": tvecs_list\n",
    "        }\n",
    "    }\n",
    "\n",
    "    # Write to file\n",
    "    try:\n",
    "        with open(filename, 'w') as f:\n",
    "            json.dump(data, f, indent=4)\n",
    "        print(f\"Success! Data saved to '{filename}'\")\n",
    "        print(f\"   Matrix: \\n{np.array(mtx_list)}\")\n",
    "        print(f\"   Distortion: {dist_list}\")\n",
    "        print(f\"   Extrinsics saved: {len(rvecs_list)} vector pairs.\")\n",
    "    except Exception as e:\n",
    "        print(f\"Error saving the file: {e}\")\n",
    "\n",
    "if 'intrinsics' in locals() and 'dist_coeffs' in locals() and 'rvecs' in locals() and 'tvecs' in locals():\n",
    "    save_calibration_data(intrinsics, dist_coeffs, rvecs, tvecs)\n",
    "else:\n",
    "    print(\"Saving error: Required calibration variables not found in local scope.\")"
   ]
  }
 ],
 "metadata": {
  "kernelspec": {
   "display_name": "Python 3",
   "language": "python",
   "name": "python3"
  },
  "language_info": {
   "codemirror_mode": {
    "name": "ipython",
    "version": 3
   },
   "file_extension": ".py",
   "mimetype": "text/x-python",
   "name": "python",
   "nbconvert_exporter": "python",
   "pygments_lexer": "ipython3",
   "version": "3.9.21"
  }
 },
 "nbformat": 4,
 "nbformat_minor": 2
}
